716
721
334
782
982
770
699
918
873
649
360
887
819
509
783
423
840
602
932
460
714
399
701
547
675
819
930
875
754
687
650
774
554
542
867
613
474
588
514
693
811
549
967
820
916
816
866
591
388
772
326
342
332
996
374
532
635
793
769
376
790
322
553
458
382
623
773
460
320
323
728
781
400
607
657
550
375
620
417
367
869
462
915
442
548
587
958
380
338
621
693
884
447
323
559
945
955
534
756
715
539
724
779
954
473
691
756
910
334
636
476
621
397
986
626
904
863
571
528
383
751
782
387
534
497
913
729
557
926
745
566
393
469
362
360
700
359
747
791
366
464
599
757
560
646
676
821
501
423
484
525
326
356
313
596
453
882
839
672
375
471
747
810
792
496
602
823
859
690
879
630
303
952
687
859
906
580
516
755
944
701
956
502
316
866
946
814
979
512
719
827
961
307
608
946
550
340
455
583
648
733
845
552
839
441
892
479
673
702
372
818
927
548
883
861
615
543
500
722
939
706
423
843
816
869
400
916
931
996
467
363
595
391
725
811
469
792
938
918
344
651
388
430
765
550
710
446
508
443
744
821
534
537
352
802
527
858
788
786
322
891
346
637
894
966
553
1000
411
556
534
950
769
679
881
730
580
760
513
495
323
479
994
944
565
869
409
432
696
627
545
374
468
493
596
980
998
924
523
671
352
785
474
461
449
422
490
443
978
556
738
560
756
797
944
641
705
405
847
878
701
798
606
973
470
398
627
662
364
446
916
719
905
416
822
846
719
926
583
544
877
920
433
759
452
491
332
948
546
768
729
625
501
351
480
364
671
597
639
488
825
583
783
992
682
536
-1